n,p1,p2,pr_factor,run_pr,peak
100140049,10007,10007,10007,0.0007467180000000073,1652
1000609937,10007,99991,10007,0.00015076999999999452,148
4005872149,10007,400307,10007,0.00046923600000001175,204
4006112317,10007,400331,10007,0.00011495000000000255,204
10007030021,10007,1000003,10007,0.000865140999999986,260
109240905143,10007,10916449,10007,0.000184360999999994,204
145047652333,10007,14494619,10007,0.0002575539999999932,204
1000700070049,10007,100000007,10007,0.0008230049999999878,260
9505549119923,10007,949889989,10007,0.00015950499999997647,204
59197281880939,10007,5915587277,10007,0.0006013559999999973,212
33702578432191,10007,3367900313,10007,0.0008988449999999815,260
735857971591931,10007,73534323133,10007,0.0009986289999999731,268
303911552304121,10007,30369896303,10007,0.0006491679999999778,268
1018117149806431,10007,101740496633,10007,0.00021780800000004152,212
3536210893664299,10007,353373727757,10007,0.0006333199999999928,268
35340492394338073,10007,3531577135439,10007,0.0006410450000000067,268
91020321585720559,10007,9095665192937,10007,0.00036336799999997504,212
280046223214199227,10007,27985032798461,10007,0.0001456000000000235,212
818015241035849947,10007,81744303091421,10007,6.663599999995329e-05,212
3204801526833523307,10007,320255973501901,10007,0.00025920299999998564,236
9740509656882533653,10007,973369606963379,10007,0.00016685900000001919,236
23590035210893664299,10007,2357353373727757,10007,0.0004971109999999945,236
51146888888888967833,10007,5111111111111119,10007,0.0002642250000000068,236
371504952006969828059,10007,37124508045065437,10007,0.0008489090000000088,292
747997979797979793229,10007,74747474747474747,10007,0.00020286499999999652,236
6192527933533938610693,10007,618819619619660099,10007,3.5410999999985204e-05,236
4447557781357081289293,10007,444444666868899899,10007,0.00027387800000000517,236
1000609937,99991,10007,10007,0.000181238000000028,148
9998200081,99991,99991,99991,0.003966964999999989,260
40027097237,99991,400307,400307,0.0015440770000000326,260
40029497021,99991,400331,400331,0.00248683999999999,260
99991299973,99991,1000003,1000003,0.002533598999999942,260
1091546651959,99991,10916449,99991,0.003813820000000079,260
1449331448429,99991,14494619,99991,0.00594381300000002,260
9999100699937,99991,100000007,99991,0.004070664000000002,260
94980449890099,99991,949889989,99991,0.00430256200000001,268
591505487414507,99991,5915587277,99991,0.004284254999999959,268
336759720197183,99991,3367900313,99991,0.003858745999999913,268
7352770504391803,99991,73534323133,99991,0.004508663999999829,268
3036716301233273,99991,30369896303,99991,0.003971155999999976,268
10173133998830303,99991,101740496633,99991,0.0005173800000000117,212
35334192412150187,99991,353373727757,99991,0.00431226600000012,268
353125929349681049,99991,3531577135439,99991,0.004177623999999991,268
909484658306963567,99991,9095665192937,99991,0.004497713999999986,268
2798251414550913851,99991,27985032798461,99991,0.004870531000000122,292
8173694610414277211,99991,81744303091421,99991,0.000629969000000008,236
32022715046428582891,99991,320255973501901,99991,0.004867251999999933,292
97328200369875229589,99991,973369606963379,99991,0.00512351600000005,292
235714121192412150187,99991,2357353373727757,99991,0.004991052999999912,292
511065111111111899929,99991,5111111111111119,99991,0.004955252000000021,292
3712116683934138111067,99991,37124508045065437,99991,0.004906422999999993,292
7474074747474747427277,99991,74747474747474747,99991,0.005252465999999956,292
61876392585389432959109,99991,618819619619660099,99991,0.005197793999999867,300
44440466684888169800909,99991,444444666868899899,99991,0.0006421999999997041,244
4005872149,400307,10007,10007,8.363499999974877e-05,204
40027097237,400307,99991,400307,0.002874982000000248,260
160245694249,400307,400307,400307,0.00267743900000017,260
160255301617,400307,400331,400331,0.0017822089999999235,260
400308200921,400307,1000003,400307,0.0028172280000000605,260
4369930949843,400307,10916449,400307,0.0009592549999997146,260
5802297448033,400307,14494619,400307,0.0010599879999997341,260
40030702802149,400307,100000007,400307,0.0029776039999998005,268
380247611826623,400307,949889989,400307,0.0032321929999996613,268
2368050996094039,400307,5915587277,400307,0.002006187999999298,268
1348194070596091,400307,3367900313,400307,0.003582070000000215,268
29436304290401831,400307,73534323133,400307,0.0022363229999999845,268
12157282079365021,400307,30369896303,400307,0.0017708089999999288,268
40727432985666331,400307,101740496633,400307,0.0013252999999995296,268
141457976837221399,400307,353373727757,400307,0.0038007939999999962,268
1413715048356179773,400307,3531577135439,400307,0.002083315000000141,292
3641058446389031659,400307,9095665192937,400307,0.0035310150000000817,292
11202604524453527527,400307,27985032798461,400307,0.003688960999999935,292
32722816737617466247,400307,81744303091421,400307,0.003944590000000581,292
128200707984625483607,400307,320255973501901,400307,0.0021333299999994892,292
389646667254689357353,400307,973369606963379,400307,0.003909832999999807,292
943665056976837221399,400307,2357353373727757,400307,0.0035376579999999436,292
2046013555555558713533,400307,5111111111111119,400307,0.0019733740000003053,292
14861200441996009889159,400307,37124508045065437,400307,0.0030975760000000463,292
29921937373737373547329,400307,74747474747474747,400307,0.002995530999999829,292
247717825471087275250393,400307,618819619619660099,400307,0.002006879999999711,300
177914311260288711868993,400307,444444666868899899,400307,0.004803240999999403,300
4006112317,400331,10007,10007,0.00016852699999958531,204
40029497021,400331,99991,400331,0.001045149999999495,260
160255301617,400331,400307,400331,0.0015657299999993768,260
160264909561,400331,400331,400331,0.0026406820000008935,260
400332200993,400331,1000003,400331,0.0015819619999994927,260
4370192944619,400331,10916449,400331,0.0015431059999997387,260
5802645318889,400331,14494619,400331,0.0004624010000000567,204
40033102802317,400331,100000007,400331,0.0009751869999998775,268
380270409186359,400331,949889989,400331,0.0016152259999984153,268
2368192970188687,400331,5915587277,400331,0.001571581999998628,268
1348274900203603,400331,3367900313,400331,0.0014792450000005175,268
29438069114157023,400331,73534323133,400331,0.0014875589999991945,268
12158010956876293,400331,30369896303,400331,0.002904701000000287,268
40729874757585523,400331,101740496633,400331,0.0009866479999995903,268
141466457806687567,400331,353373727757,400331,0.001110351999999537,268
1413799806207430309,400331,3531577135439,400331,0.001418799000001414,292
3641276742353662147,400331,9095665192937,400331,0.0011961720000002174,292
11203276165240690591,400331,27985032798461,400331,0.0034746759999997323,292
32724778600891660351,400331,81744303091421,400331,0.0018709810000014926,292
128208394127989529231,400331,320255973501901,400331,0.002086194999998625,292
389670028125256478449,400331,973369606963379,400331,0.0012721760000005133,292
943721633457806687567,400331,2357353373727757,400331,0.00207354500000001,292
2046136222222225380389,400331,5111111111111119,400331,0.0013197700000002754,292
14862091430189091459647,400331,37124508045065437,400331,0.0011119369999992301,292
29923731313131312941257,400331,74747474747474747,400331,0.0020415329999998733,292
247732677141958147092769,400331,618819619619660099,400331,0.0025989869999989423,300
177924977932293565466569,400331,444444666868899899,400331,0.0012716229999991668,300
10007030021,1000003,10007,10007,0.00013194499999968912,204
99991299973,1000003,99991,1000003,0.0019887679999985863,260
400308200921,1000003,400307,1000003,0.0028924959999994115,260
400332200993,1000003,400331,400331,0.0014264149999974052,260
1000006000009,1000003,1000003,1000003,0.0022312520000014047,260
10916481749347,1000003,10916449,1000003,0.002771271000000297,260
14494662483857,1000003,14494619,1000003,0.0023120399999996266,260
100000307000021,1000003,100000007,1000003,0.0027700390000013897,268
949892838669967,1000003,949889989,1000003,0.0023686410000003377,268
5915605023761831,1000003,5915587277,1000003,0.004163923000000125,268
3367910416700939,1000003,3367900313,1000003,0.0028437880000034,268
73534543735969399,1000003,73534323133,1000003,0.0038939800000008518,268
30369987412688909,1000003,30369896303,1000003,0.0013555630000006147,268
101740801854489899,1000003,101740496633,1000003,0.004802511000001175,268
353374787878183271,1000003,353373727757,1000003,0.0035649100000014755,268
3531587730170406317,1000003,3531577135439,1000003,0.0027333220000009817,292
9095692479932578811,1000003,9095665192937,1000003,0.004166680000000866,292
27985116753559395383,1000003,27985032798461,1000003,0.0032945170000004964,292
81744548324330274263,1000003,81744303091421,1000003,0.0026588779999983103,292
320256934269821505703,1000003,320255973501901,1000003,0.004260201000001018,292
973372527072199890137,1000003,973369606963379,1000003,0.007414138000001458,292
2357360445787878183271,1000003,2357353373727757,1000003,0.004301289999997238,292
5111126444444452333357,1000003,5111111111111119,1000003,0.0028289390000004744,292
37124619418589572196311,1000003,37124508045065437,1000003,0.0002816030000012404,236
74747698989898989424241,1000003,74747474747474747,1000003,0.0018180919999970513,300
618821476078518957980297,1000003,618819619619660099,1000003,0.0036126339999995594,300
444446000202900505699697,1000003,444444666868899899,1000003,0.0028445189999999343,300
109240905143,10916449,10007,10007,0.00015803999999874918,204
1091546651959,10916449,99991,99991,0.0041958979999989765,260
4369930949843,10916449,400307,400307,0.0019095940000042333,260
4370192944619,10916449,400331,400331,0.0015980500000054576,260
10916481749347,10916449,1000003,1000003,0.002965088999999921,260
119168858769601,10916449,10916449,10916449,0.035907713000000285,268
158229769087931,10916449,14494619,14494619,0.00373704599999769,268
1091644976415143,10916449,100000007,10916449,0.03661912900000175,268
10369425620529061,10916449,949889989,10916449,0.006220220000002996,268
64577206814419373,10916449,5915587277,10916449,0.020346126999996272,268
36765512003948537,10916449,3367900313,10916449,0.011348147999996172,268
802733688230914717,10916449,73534323133,10916449,0.02164302199999213,268
331531424126988047,10916449,30369896303,10916449,0.035058477999996285,268
1110644942728816217,10916449,101740496633,10916449,0.02745305599999881,268
3857586276999174893,10916449,353373727757,10916449,0.028789012000004277,292
38552281688585936111,10916449,3531577135439,10916449,0.02924768500000141,292
99292365199771920713,10916449,9095665192937,10916449,0.0235975260000032,292
305497183307726784989,10916449,27985032798461,10916449,0.014682258000007664,292
892357515738039684029,10916449,81744303091421,10916449,0.018291577000013604,292
3496058001678853669549,10916449,320255973501901,10916449,0.024216376999987688,292
10625739672565771721171,10916449,973369606963379,10916449,0.035071166999983916,292
25733927879276999174893,10916449,2357353373727757,10916449,0.005238806000022578,292
55795183777777863896431,10916449,5111111111111119,10916449,0.026214207999998962,300
405267798724046544673213,10916449,37124508045065437,10916449,0.0031364350000160357,300
815976995959595954413403,10916449,74747474747474747,10916449,0.014633844999991652,300
6755312817777418868068451,10916449,618819619619660099,10916449,0.02361764899998775,300
4851757539196335433538651,10916449,444444666868899899,10916449,0.028630741000000626,300
145047652333,14494619,10007,10007,0.0003811729999938507,204
1449331448429,14494619,99991,99991,0.0038247150000074726,260
5802297448033,14494619,400307,400307,0.002803284999998823,260
5802645318889,14494619,400331,400331,0.001079316999977209,260
14494662483857,14494619,1000003,1000003,0.005127090999991424,260
158229769087931,14494619,10916449,14494619,0.006320665000004055,268
210093979955161,14494619,14494619,14494619,0.003956389999984822,268
1449462001462333,14494619,100000007,14494619,0.021421791999983952,268
13768293482469191,14494619,949889989,14494619,0.005851672999995117,268
85744183741362463,14494619,5915587277,14494619,0.012106912000007242,268
48816431866915747,14494619,3367900313,14494619,0.026507057999992867,268
1065851997235721327,14494619,73534323133,14494619,0.0019111830000042573,268
440200075981493557,14494619,30369896303,14494619,0.005304529000000002,268
1474689735566117827,14494619,101740496633,14494619,0.007932516999971995,292
5122017548447439583,14494619,353373727757,14494619,0.014488454000002093,292
51188865047299702741,14494619,3531577135439,14494619,0.025756651999984115,292
131838201523183306003,14494619,9095665192937,14494619,0.014698487999964982,292
405632388116195981359,14494619,27985032798461,14494619,0.014092310000023645,292
1184852528730669563599,14494619,81744303091421,14494619,0.0147528400000283,292
4641988318384150770719,14494619,320255973501901,14494619,0.007703229000014744,292
14108621599113925557601,14494619,973369606963379,14494619,0.01434216800004151,292
34168939000548447439583,14494619,2357353373727757,14494619,0.007787153000037961,292
74083608222222336568661,14494619,5111111111111119,14494619,0.014498541000023124,300
538105599675658339383503,14494619,37124508045065437,14494619,0.007252956999991511,300
1083436167676767669886393,14494619,74747474747474747,14494619,0.0040111069999966276,300
8969554616111898044507281,14494619,618819619619660099,14494619,0.002315425000006144,300
6442056112846626985143481,14494619,444444666868899899,14494619,0.014355730999966454,300
1000700070049,100000007,10007,10007,0.0006335789999525332,260
9999100699937,100000007,99991,99991,0.005707561999997779,260
40030702802149,100000007,400307,400307,0.00162235900000951,268
40033102802317,100000007,400331,400331,0.001577422000025308,268
100000307000021,100000007,1000003,1000003,0.003216194000003725,268
1091644976415143,100000007,10916449,10916449,0.02697711899998012,268
1449462001462333,100000007,14494619,14494619,0.02078529699997489,268
10000001400000049,100000007,100000007,100000007,0.05518864300000814,268
94989005549229923,100000007,949889989,100000007,0.01977624400001332,268
591558769109110939,100000007,5915587277,100000007,0.023258660999999847,268
336790054875302191,100000007,3367900313,100000007,0.031909240999993926,268
7353432828040261931,100000007,73534323133,100000007,0.009258245999944847,292
3036989842889274121,100000007,30369896303,100000007,0.03853613600006156,292
10174050375483476431,100000007,101740496633,100000007,0.06488387299998521,292
35337375249316094299,100000007,353373727757,100000007,0.06609958900003221,292
353157738264939948073,100000007,3531577135439,100000007,0.05961559699994723,292
909566582963356350559,100000007,9095665192937,100000007,0.030070532000081585,292
2798503475741329589227,100000007,27985032798461,100000007,0.09177188099988598,292
8174430881352221639947,100000007,81744303091421,100000007,0.023560956999972404,292
32025599591981914513307,100000007,320255973501901,100000007,0.03766680500007169,292
97336967509925148743653,100000007,973369606963379,100000007,0.026655503000029057,300
235735353874249316094299,100000007,2357353373727757,100000007,0.08567231899996841,300
511111146888889677777833,100000007,5111111111111119,100000007,0.060775476999879174,300
3712451064378100015458059,100000007,37124508045065437,100000007,0.07595152900012181,300
7474747997979797932323229,100000007,74747474747474747,100000007,0.02648070000009284,300
61881966293703347237620693,100000007,618819619619660099,100000007,0.039181435000045894,300
44444469798002657982299293,100000007,444444666868899899,100000007,0.0832947950000289,300
9505549119923,949889989,10007,10007,0.0006689030001325591,260
94980449890099,949889989,99991,99991,0.0037411490000067715,268
380247611826623,949889989,400307,400307,0.0023280220000287954,268
380270409186359,949889989,400331,400331,0.0010396499999387743,268
949892838669967,949889989,1000003,1000003,0.0032556109999859473,268
10369425620529061,949889989,10916449,10916449,0.019037819000004674,268
13768293482469191,949889989,14494619,14494619,0.006768713000155913,268
94989005549229923,949889989,100000007,100000007,0.019847880000043006,268
902290991202420121,949889989,949889989,949889989,0.18409366900004898,268
5619157133478069953,949889989,5915587277,5915587277,0.10972942200032776,292
3199134791268666557,949889989,3367900313,3367900313,0.11152620699976978,292
69849517391927815537,949889989,73534323133,949889989,0.21144354799980647,292
28848060465187810667,949889989,30369896303,949889989,0.21455158200024016,292
96642279227574907037,949889989,101740496633,949889989,0.2234090259998993,292
335666166371985724673,949889989,353373727757,949889989,0.22253830099998595,292
3354609766334803220171,949889989,3531577135439,949889989,0.13307201499992516,292
8639881310066609807693,949889989,9095665192937,949889989,0.21860235999974975,292
26582702497094758506929,949889989,27985032798461,949889989,0.22847400800037576,292
77648095164322559684369,949889989,81744303091421,949889989,0.22230126400063455,300
304207943146905032369089,949889989,320255973501901,949889989,0.22982511000009254,300
924594045251378401712831,949889989,973369606963379,949889989,0.22663909400034754,300
2239226370239371985724673,949889989,2357353373727757,949889989,0.22598631599976216,300
4854993277111118604687691,949889989,5111111111111119,949889989,0.33440001499911887,300
35264198538557619456210193,949889989,37124508045065437,949889989,0.23390882100102317,300
71001877965656565205607783,949889989,74747474747474747,949889989,0.21447046899993438,300
587810561673503115622848911,949889989,618819619619660099,949889989,0.2243652570014092,300
422173539723207989503211111,949889989,444444666868899899,949889989,0.0763906890006183,300
59197281880939,5915587277,10007,10007,0.0006705659998260671,268
591505487414507,5915587277,99991,99991,0.003931469000235666,268
2368050996094039,5915587277,400307,400307,0.003005542999744648,268
2368192970188687,5915587277,400331,400331,0.0029400889998214552,268
5915605023761831,5915587277,1000003,1000003,0.0034000949999608565,268
64577206814419373,5915587277,10916449,10916449,0.03284927500135382,268
85744183741362463,5915587277,14494619,14494619,0.005467109000164783,268
591558769109110939,5915587277,100000007,100000007,0.0314752589983982,268
5619157133478069953,5915587277,949889989,949889989,0.21025821500006714,292
34994172831804274729,5915587277,5915587277,5915587277,0.4835159089998342,292
19923108241787117701,5915587277,3367900313,5915587277,0.46759652399850893,292
434998706348381578841,5915587277,73534323133,5915587277,0.16950251399975969,292
179655772173836136931,5915587277,30369896303,5915587277,0.1727442580013303,292
